Age,Gender,Marital Status,Occupation,Monthly Income,Educational Qualifications,Family size,latitude,longitude,Pin code,Output,Feedback
23,1,2,3,4,0,4,12.9343,77.6044,560029,1,1
27,1,0,0,1,0,2,12.8845,77.6036,560076,1,1
23,1,2,3,4,2,2,13.0019,77.5713,560003,1,1
23,1,2,3,4,2,2,12.9442,77.6076,560030,1,1
25,1,2,2,3,0,2,12.9783,77.6408,560038,1,1
24,1,2,3,4,2,2,12.9706,77.6529,560075,1,1
32,0,0,0,1,0,5,12.9261,77.6221,560034,1,1
26,1,0,0,0,0,4,12.9105,77.4842,560060,0,1
25,1,2,2,0,0,3,13.0206,77.6479,560043,1,1
24,1,0,2,3,1,6,12.9635,77.5821,560002,0,0
25,1,0,0,3,1,3,12.9306,77.5434,560085,1,1
24,0,2,2,1,2,3,13.0103,77.5796,560080,0,0
25,1,2,2,3,3,3,12.9859,77.6713,560093,1,1
22,1,2,3,4,0,3,13.0158,77.539,560096,1,1
24,0,2,3,1,2,3,13.102,77.5864,560064,1,1
26,1,2,0,1,0,2,12.9343,77.6044,560029,1,1
32,1,0,0,3,0,5,12.9037,77.5376,560061,1,1
28,0,2,0,1,2,2,12.9783,77.6408,560038,1,1
24,1,2,0,0,0,4,12.9442,77.6076,560030,1,1
25,1,2,0,0,2,3,13.0138,77.5877,560006,1,1
24,0,2,3,4,2,3,12.9828,77.6131,560042,1,1
21,0,2,3,2,2,1,12.9783,77.6408,560038,1,1
21,1,2,3,4,0,2,12.957,77.5637,560018,0,0
27,1,0,0,1,0,2,12.8845,77.6036,560076,1,1
27,1,0,2,1,0,6,12.9217,77.5936,560041,0,1
27,1,0,0,1,0,2,12.8845,77.6036,560076,1,1
23,0,2,0,0,0,6,12.9551,77.6593,560017,1,1
24,0,2,0,1,0,3,12.8893,77.6399,560068,1,1
21,1,2,3,4,0,3,13.0641,77.5931,560092,1,0
25,0,0,0,1,0,3,13.0626,77.5284,560015,0,1
23,1,2,3,4,2,5,12.8988,77.5764,560078,1,1
24,1,2,3,4,2,5,12.9337,77.59,560011,1,1
29,1,2,0,1,0,3,13.0641,77.5931,560092,0,0
32,0,0,0,3,0,1,13.0019,77.5713,560003,0,1
21,1,2,3,4,0,3,13.0641,77.5931,560092,1,1
29,0,0,0,1,0,4,12.9783,77.6408,560038,0,0
18,1,2,3,4,0,5,12.9635,77.5821,560002,1,1
23,0,2,3,4,0,3,12.982,77.6256,560008,1,0
24,0,2,3,4,2,5,13.0626,77.5284,560015,0,0
21,1,2,3,2,2,3,12.9306,77.5434,560085,1,1
22,1,2,3,2,2,4,12.985,77.5533,560010,1,1
21,1,2,3,4,0,2,13.0012,77.5995,560046,0,0
25,1,0,2,1,0,3,12.9561,77.5921,560027,1,1
25,0,2,3,0,0,2,12.9757,77.5586,560023,1,1
30,1,0,2,3,0,1,13.0809,77.5565,560097,0,0
23,1,2,3,3,2,3,12.977,77.5773,560009,1,1
27,1,1,0,1,2,1,13.0166,77.6804,560016,1,1
22,1,2,0,0,0,2,12.9299,77.6848,560103,1,1
23,0,2,3,4,2,2,12.9766,77.5993,560001,1,1
23,1,2,3,4,2,3,13.102,77.5864,560064,0,1
24,0,2,2,1,2,3,13.0103,77.5796,560080,0,0
30,1,0,2,3,0,1,13.0809,77.5565,560097,0,0
25,1,2,0,1,0,3,12.9766,77.5993,560001,1,1
26,0,2,3,4,1,2,12.9757,77.5586,560023,1,1
22,0,2,3,4,0,3,12.9343,77.6044,560029,1,1
33,1,0,0,3,1,5,12.998,77.6227,560005,0,0
32,0,0,1,4,0,3,12.985,77.5533,560010,1,1
28,1,2,0,1,2,2,13.0138,77.5877,560006,0,0
25,1,2,3,4,2,5,12.977,77.5773,560009,0,1
23,1,2,3,4,0,4,13.0103,77.5796,560080,1,1
22,0,2,3,4,0,2,12.9369,77.6407,560095,1,1
32,1,0,0,1,0,3,12.9706,77.6529,560075,1,1
24,0,2,3,4,2,3,12.9828,77.6131,560042,1,1
25,1,2,3,4,2,4,13.0067,77.545,560086,1,1
25,1,2,3,4,2,1,12.9343,77.6044,560029,1,1
27,1,0,0,3,1,5,12.985,77.5533,560010,0,0
24,0,2,0,0,2,4,12.9337,77.59,560011,1,1
22,1,2,3,4,0,3,12.977,77.5773,560009,1,1
22,0,2,0,1,0,4,12.8845,77.6036,560076,1,1
26,1,0,0,0,0,3,12.8893,77.6399,560068,0,0
22,0,2,3,4,2,5,12.985,77.5533,560010,1,1
22,1,2,3,4,0,3,13.0158,77.539,560096,1,1
24,0,2,3,4,1,3,12.9438,77.5738,560004,1,1
23,0,2,3,4,2,3,12.977,77.5773,560009,1,1
25,1,2,2,0,0,3,13.0206,77.6479,560043,1,1
21,1,2,3,4,0,5,12.9783,77.6408,560038,1,1
32,1,0,0,1,0,3,12.9706,77.6529,560075,1,1
21,0,2,3,4,2,1,12.9217,77.5936,560041,1,1
31,1,0,0,3,1,3,12.9306,77.5434,560085,1,1
22,1,2,3,4,0,2,12.957,77.5637,560018,0,1
28,1,0,2,0,0,2,13.0289,77.54,560022,0,0
22,0,2,0,1,0,4,12.9698,77.75,560066,1,1
24,0,2,3,4,2,4,13.0496,77.4941,560073,1,1
27,0,0,2,1,0,3,13.0078,77.5577,560055,1,1
22,1,2,3,4,2,2,12.977,77.5773,560009,1,1
24,0,0,0,3,1,4,12.9438,77.5738,560004,1,1
32,1,0,0,3,1,5,12.9635,77.5821,560002,1,0
23,0,2,3,4,0,5,13.0206,77.6479,560043,1,1
30,0,0,1,4,3,5,12.998,77.6227,560005,1,1
25,0,1,0,1,2,3,12.998,77.6227,560005,0,0
23,0,2,3,4,0,5,13.0206,77.6479,560043,1,1
24,1,2,3,4,0,2,12.9561,77.5921,560027,1,1
23,0,2,3,4,2,4,13.0487,77.5923,560024,1,1
23,1,2,3,4,0,4,12.9925,77.5633,560021,1,1
32,0,1,1,4,0,5,12.982,77.6256,560008,1,0
24,1,2,3,4,2,3,13.0138,77.5877,560006,0,0
26,0,2,2,1,2,3,12.9635,77.5821,560002,1,1
23,0,2,3,4,2,4,13.0487,77.5923,560024,1,1
26,1,0,2,3,2,3,12.957,77.5637,560018,0,0
31,1,1,0,2,0,1,12.9866,77.4904,560091,0,0
27,1,0,2,1,0,6,12.9217,77.5936,560041,0,0
23,0,2,3,4,2,4,12.9854,77.7081,560048,1,1
32,1,0,0,3,0,5,12.9037,77.5376,560061,1,1
27,0,0,2,1,0,3,12.9635,77.5821,560002,1,1
23,1,2,3,3,2,3,12.977,77.5773,560009,1,1
23,0,2,3,4,2,4,13.0487,77.5923,560024,1,1
24,1,2,3,4,2,5,12.9337,77.59,560011,1,1
23,0,2,3,4,2,3,12.9369,77.6407,560095,0,1
19,1,2,3,4,0,6,12.9442,77.6076,560030,1,1
32,1,0,0,3,2,6,12.9369,77.6407,560095,1,1
31,0,0,0,3,1,5,12.9662,77.6068,560025,1,1
23,0,2,0,1,2,2,12.9847,77.5491,560100,1,1
24,1,2,3,4,0,2,12.9561,77.5921,560027,1,1
22,1,2,3,4,0,2,12.9889,77.5741,560020,0,1
24,0,0,2,3,0,2,12.9343,77.6044,560029,1,1
22,1,0,3,4,0,2,13.0734,77.5464,560014,1,1
22,0,2,0,1,0,4,12.8845,77.6036,560076,1,1
23,1,2,3,4,0,3,13.0223,77.7132,560049,1,1
23,0,2,3,4,2,4,13.0487,77.5923,560024,1,1
23,0,2,3,4,2,3,12.9438,77.5738,560004,1,1
23,1,2,3,2,2,2,12.977,77.5773,560009,1,0
24,0,0,0,1,2,2,12.957,77.5637,560018,1,0
28,1,0,0,3,2,1,12.9925,77.5633,560021,1,1
22,0,2,3,4,0,2,12.9515,77.4921,560056,1,1
25,1,2,3,2,2,2,12.9925,77.5633,560021,1,1
25,0,0,2,1,2,3,12.957,77.5637,560018,0,1
27,0,0,2,3,0,6,13.0734,77.5464,560014,0,1
22,1,2,3,4,0,3,12.977,77.5773,560009,1,1
24,1,1,2,3,1,2,13.0138,77.5877,560006,0,1
24,1,2,3,4,2,2,12.9706,77.6529,560075,1,1
22,1,2,3,1,0,3,12.9783,77.6408,560038,1,1
26,0,0,0,2,0,6,12.9859,77.6713,560093,0,0
30,1,0,0,3,0,5,12.9719,77.5128,560072,0,0
23,0,2,3,4,0,1,12.977,77.5773,560009,1,1
26,0,0,0,1,0,3,13.014,77.5658,560012,1,1
31,1,1,0,2,0,1,12.9866,77.4904,560091,0,0
25,1,2,2,1,0,3,12.998,77.6227,560005,1,1
24,0,0,2,0,0,5,12.9579,77.6309,560007,1,1
23,0,2,3,4,0,2,13.0298,77.6047,560032,0,0
25,1,0,0,3,2,6,12.9442,77.6076,560030,1,1
27,0,0,0,3,2,2,12.9299,77.6848,560103,1,1
22,1,2,3,2,2,3,12.9551,77.6593,560017,1,0
25,0,2,3,4,1,3,12.9048,77.6821,560036,1,1
25,0,0,0,1,0,4,12.9551,77.6593,560017,0,0
28,1,2,2,0,2,2,12.9149,77.5635,560070,1,1
26,0,0,2,0,0,5,12.9706,77.6529,560075,0,0
22,0,2,3,4,2,5,12.9353,77.5585,560050,1,1
27,0,0,2,3,0,5,12.9766,77.5993,560001,0,1
22,1,2,0,0,0,1,13.0138,77.5877,560006,1,1
25,0,0,3,4,2,2,12.8834,77.5486,560062,1,1
26,1,1,2,3,2,2,13.0103,77.5796,560080,1,1
24,0,2,3,4,2,3,12.9828,77.6131,560042,1,1
29,1,0,0,1,0,4,12.9261,77.6221,560034,0,0
25,1,2,3,4,2,4,12.977,77.5773,560009,1,1
26,1,2,3,4,2,4,13.0019,77.5713,560003,1,1
28,1,2,2,0,2,2,12.9149,77.5635,560070,1,1
22,1,2,3,2,2,4,13.0019,77.5713,560003,1,1
22,1,2,3,4,2,3,12.9438,77.5738,560004,1,1
26,1,1,2,3,2,2,13.0103,77.5796,560080,1,1
25,1,2,3,4,2,1,12.9343,77.6044,560029,1,1
23,0,2,3,4,2,3,12.9369,77.6407,560095,0,1
26,0,0,0,2,0,6,12.9859,77.6713,560093,0,0
19,1,2,3,4,0,2,13.0019,77.5713,560003,0,0
32,0,0,1,4,3,5,12.9889,77.5741,560020,1,1
21,0,2,3,4,0,2,13.0103,77.5796,560080,1,1
22,1,2,3,4,0,5,12.985,77.5533,560010,1,1
21,1,2,3,4,0,2,13.0012,77.5995,560046,0,1
25,1,2,3,4,2,6,13.0012,77.5995,560046,1,1
28,0,0,0,1,0,5,12.9757,77.5586,560023,0,0
24,0,2,3,4,2,4,12.9783,77.6408,560038,1,1
28,1,0,0,1,0,3,12.9369,77.6407,560095,1,1
22,1,2,3,4,2,2,12.977,77.5773,560009,1,1
22,1,2,3,4,0,4,12.9889,77.5741,560020,1,1
20,0,2,3,4,0,2,12.9337,77.59,560011,1,1
23,1,2,3,4,2,5,12.8988,77.5764,560078,1,1
25,1,2,3,0,2,3,12.9306,77.5434,560085,1,1
23,0,2,0,0,0,3,12.9854,77.7081,560048,1,1
22,1,2,3,4,2,1,13.0626,77.5284,560015,1,1
25,1,0,0,1,0,2,12.998,77.6227,560005,1,1
30,1,0,0,3,2,6,12.9369,77.6407,560095,1,1
20,1,2,3,4,0,2,12.9261,77.6221,560034,1,1
23,0,2,3,4,0,2,12.9105,77.4842,560060,0,1
25,1,2,3,4,0,1,12.977,77.5773,560009,1,1
23,0,2,3,4,2,2,12.977,77.5773,560009,1,1
32,1,0,0,3,2,6,12.9369,77.6407,560095,1,1
20,0,2,3,4,0,2,13.0734,77.5464,560014,1,1
25,0,0,3,4,2,2,12.8834,77.5486,560062,1,1
26,1,2,0,2,2,1,12.957,77.5637,560018,1,0
23,1,2,3,4,0,3,12.9565,77.5484,560026,1,1
22,1,2,3,2,2,3,12.9551,77.6593,560017,1,0
29,1,0,0,1,0,4,12.9261,77.6221,560034,0,0
30,0,0,1,4,3,6,12.9828,77.6131,560042,0,1
21,1,0,0,3,1,3,12.9306,77.5434,560085,1,1
22,1,2,3,2,2,4,12.985,77.5533,560010,1,1
23,1,2,3,4,2,2,12.977,77.5773,560009,0,0
26,1,0,0,3,0,4,12.9048,77.6821,560036,1,1
24,0,2,3,0,2,3,12.9335,77.5691,560028,0,1
21,0,2,3,4,2,3,12.9149,77.5635,560070,1,1
25,0,2,3,4,1,3,12.9048,77.6821,560036,1,1
23,1,2,3,4,0,3,13.0223,77.7132,560049,1,1
26,0,0,3,2,1,3,13.0166,77.6804,560016,1,1
26,1,0,0,1,0,5,12.9579,77.6309,560007,0,1
32,1,0,2,0,3,3,12.982,77.6256,560008,1,0
22,1,2,3,4,2,3,12.8845,77.6036,560076,1,1
23,1,2,3,4,2,2,12.977,77.5773,560009,1,1
25,1,0,0,3,1,4,12.9261,77.6221,560034,1,1
25,0,2,0,1,2,2,12.9967,77.7582,560067,1,1
23,1,2,3,4,2,2,12.9261,77.6221,560034,1,1
32,1,0,0,1,0,3,12.9706,77.6529,560075,1,1
22,1,2,3,4,2,3,12.9155,77.5135,560098,1,1
22,1,2,3,2,2,4,12.985,77.5533,560010,1,1
29,1,2,2,3,0,6,12.8845,77.6036,560076,1,1
30,1,0,2,3,0,6,12.9967,77.7582,560067,1,1
25,0,2,3,4,2,3,13.0734,77.5464,560014,1,1
25,1,2,0,0,0,4,13.0166,77.6804,560016,1,1
22,0,2,0,1,0,4,12.8845,77.6036,560076,1,1
26,0,2,0,3,0,3,12.998,77.6227,560005,1,1
23,1,2,3,1,2,1,13.0158,77.539,560096,1,1
27,0,0,0,1,2,2,12.9698,77.75,560066,0,1
23,1,2,3,4,2,3,12.977,77.5773,560009,1,1
23,0,2,3,4,2,2,12.9766,77.5993,560001,1,1
23,0,2,3,4,2,2,13.0019,77.5713,560003,1,1
23,0,2,2,0,2,5,12.9438,77.5738,560004,1,1
25,1,2,0,1,2,3,12.985,77.5533,560010,1,1
30,1,0,2,3,4,4,12.9662,77.6068,560025,1,0
25,1,2,2,0,0,3,13.0206,77.6479,560043,1,1
26,1,1,2,3,2,2,13.0103,77.5796,560080,1,1
28,1,0,0,1,2,5,13.0262,77.62,560045,1,1
23,0,1,0,0,0,4,12.9048,77.6821,560036,1,1
23,0,2,3,4,0,1,12.977,77.5773,560009,1,1
22,1,2,3,4,0,3,13.0158,77.539,560096,1,1
23,0,2,3,4,0,1,12.977,77.5773,560009,1,1
21,1,2,3,4,0,2,13.0012,77.5995,560046,0,0
24,0,0,3,2,1,5,13.0626,77.5284,560015,1,1
29,0,0,0,1,0,4,12.9783,77.6408,560038,0,1
21,1,2,3,4,0,6,12.9847,77.5491,560100,1,1
23,0,2,0,1,2,2,12.9847,77.5491,560100,1,1
27,1,0,2,1,0,6,12.9217,77.5936,560041,0,1
27,0,0,0,3,2,2,12.9299,77.6848,560103,1,1
26,0,2,0,1,2,2,12.9783,77.6408,560038,1,1
24,1,2,3,4,2,5,12.9621,77.5376,560104,1,1
26,1,2,0,3,2,3,12.9337,77.59,560011,0,0
22,0,2,3,4,2,5,12.985,77.5533,560010,1,1
26,1,2,0,0,0,2,12.9217,77.5936,560041,0,0
24,1,2,3,4,2,3,13.0487,77.5923,560024,0,0
23,1,2,3,2,2,2,12.977,77.5773,560009,1,0
28,0,0,0,1,2,6,12.9967,77.7582,560067,0,0
28,1,0,0,3,0,3,12.9698,77.75,560066,0,1
25,1,2,3,4,2,2,12.9635,77.5821,560002,1,1
24,0,2,3,2,0,3,12.977,77.5773,560009,1,1
22,0,2,3,0,2,5,12.985,77.5533,560010,1,1
24,1,2,3,0,2,4,12.9037,77.5376,560061,1,1
20,1,2,3,4,0,2,12.9261,77.6221,560034,1,1
22,0,2,3,4,2,2,12.9119,77.6446,560102,1,1
23,0,1,0,0,0,3,12.9889,77.5741,560020,0,0
26,1,2,2,0,1,1,12.9698,77.75,560066,0,1
24,1,2,3,4,2,3,12.977,77.5773,560009,1,1
25,1,0,2,3,2,4,13.0206,77.6479,560043,1,1
22,0,2,3,4,0,2,12.9369,77.6407,560095,1,1
21,1,2,3,4,0,4,12.977,77.5773,560009,1,1
26,0,0,2,0,0,5,12.9706,77.6529,560075,0,0
25,1,2,3,4,2,5,12.977,77.5773,560009,0,1
24,0,0,0,0,2,2,12.9561,77.5921,560027,1,1
27,0,2,3,4,1,5,13.0503,77.5529,560013,0,0
22,0,2,3,4,0,2,12.9369,77.6407,560095,1,1
22,1,2,3,4,0,3,12.977,77.5773,560009,1,1
19,0,2,3,4,0,4,12.9537,77.6176,560047,1,1
23,0,2,3,4,2,2,12.9766,77.5993,560001,1,1
28,1,0,0,1,0,3,12.9369,77.6407,560095,1,1
24,0,2,2,1,2,3,13.0103,77.5796,560080,0,0
23,0,2,3,4,2,2,13.0158,77.539,560096,1,1
22,1,2,3,4,2,3,12.9306,77.5434,560085,1,1
23,0,2,3,4,0,5,13.0206,77.6479,560043,1,1
24,1,2,0,2,0,2,12.9551,77.6593,560017,1,1
31,1,0,2,3,3,6,13.0487,77.5923,560024,1,1
22,0,2,3,4,2,5,12.985,77.5533,560010,1,1
25,1,2,0,0,0,2,12.9757,77.5586,560023,1,1
20,1,2,3,4,0,2,13.0626,77.5284,560015,0,0
31,1,0,0,3,1,5,12.9119,77.6446,560102,1,1
23,0,2,3,4,0,3,12.982,77.6256,560008,1,0
26,1,2,0,0,0,2,12.9217,77.5936,560041,0,0
29,1,2,0,1,0,3,13.0641,77.5931,560092,0,0
20,1,2,3,4,0,3,12.9299,77.6848,560103,1,1
22,1,2,3,4,2,4,13.0298,77.6047,560032,1,1
21,0,2,3,4,2,3,12.9149,77.5635,560070,1,1
21,1,2,3,4,0,2,12.9337,77.59,560011,1,1
24,1,0,0,3,2,3,12.9515,77.4921,560056,1,1
24,1,2,0,1,2,2,12.9662,77.6068,560025,1,1
25,0,0,0,3,0,1,12.977,77.5773,560009,0,0
28,1,0,0,1,2,5,13.0262,77.62,560045,1,1
30,1,0,2,1,3,6,12.9251,77.4992,560059,0,0
22,0,2,3,4,2,5,12.985,77.5533,560010,1,1
22,1,2,3,4,2,4,12.9889,77.5741,560020,1,1
28,1,0,0,3,2,3,13.0019,77.5713,560003,1,1
23,0,2,3,4,2,4,13.0487,77.5923,560024,1,1
29,1,2,2,3,0,6,12.8845,77.6036,560076,1,1
32,0,0,1,4,4,3,13.014,77.5658,560012,0,1
23,0,2,3,4,2,2,13.0158,77.539,560096,1,1
25,1,2,3,4,0,1,12.977,77.5773,560009,1,1
26,1,0,0,3,0,4,12.9048,77.6821,560036,1,1
24,0,2,0,0,2,4,12.9337,77.59,560011,1,1
26,1,2,2,1,0,3,12.9766,77.5993,560001,1,1
23,1,2,3,4,2,5,12.8988,77.5764,560078,1,1
24,1,2,3,4,2,3,12.977,77.5773,560009,1,1
26,0,0,0,1,2,2,12.9757,77.5586,560023,0,0
24,0,2,3,0,2,3,12.9335,77.5691,560028,0,1
26,1,2,0,3,2,2,12.9698,77.75,560066,0,1
23,1,2,0,0,0,2,12.9925,77.5633,560021,1,1
20,1,2,3,4,0,2,12.9261,77.6221,560034,1,1
22,0,2,0,0,0,3,12.9698,77.75,560066,1,1
